-2.245018
-0.578713
-1.961101
-1.879670
-3.975118
1.144047
-5.392878
-1.337060
2.952445
1.583988
-3.199464
1.949797
3.494009
1.092383
-1.729947
-3.518941
-6.321303
-0.495395
-2.651474
-0.017726
2.214793
-3.486353
-2.820578
-0.786814
-1.291928
-2.137283
0.543707
1.139009
-0.674647
0.548857
0.604411
-0.048095
1.573249
-3.094552
-1.143158
0.671635
0.816749
-0.833226
0.288583
1.312461
2.337857
-0.367284
1.594126
-1.081519
0.449143
0.912952
-1.257763
-1.411544
-0.291885
-0.585903
-0.189167
1.227935
1.042214
2.588584
2.904255
0.250670
0.671676
0.166027
1.475341
-2.523937
-1.641959
-1.726711
-0.516101
1.260913
-1.363398
0.592785
1.250849
-0.205693
1.491235
1.355389
0.746850
0.988776
-0.853624
-2.286956
0.783052
1.809148
-1.632258
3.688745
-1.055542
-3.962239
0.167888
0.455225
2.213636
2.280844
-0.332224
1.426660
-3.760011
-2.984213
-1.667224
2.522061
-0.582647
4.149531
2.101542
-0.020980
-2.911962
0.289425
-0.915929
-3.926732
2.659528
1.003170
2.147066
4.365957
-0.644014
0.790202
-0.413913
-2.387503
1.682269
-2.693252
2.496688
0.420632
-0.191563
4.612285
-0.326816
-0.445620
-2.691540
1.044333
0.916043
2.239435
2.158820
