-1.746616
1.788959
1.904395
-2.584096
-2.819471
1.066319
5.337562
1.233073
-2.495824
-2.463487
2.743888
0.112992
-4.014711
-2.914911
-0.497939
-1.678082
-3.648511
5.697939
2.262319
-0.203121
-3.978629
3.679727
-0.253752
4.521903
2.052748
-4.918270
-7.176266
0.861698
-0.160203
0.822976
-1.781840
-2.982482
1.339120
3.248845
0.312068
4.559542
5.386537
-3.563362
4.175722
0.283813
-2.713128
0.388975
-2.554796
0.074539
-1.024557
0.459872
-1.127837
5.825191
-5.143165
1.765224
5.233311
0.210918
3.101380
0.008289
-2.432022
-1.422002
1.016252
1.371497
0.772722
-2.621159
-0.128830
-4.150907
-2.757173
-3.319910
-4.998760
8.650267
4.442772
-3.678699
